 -2.0 -6.388994299583824
 -1.9333333333333333 -5.912453047215491
 -1.8666666666666667 -5.466653302485872
 -1.8 -5.049583938727013
 -1.7333333333333334 -4.659443167470494
 -1.6666666666666667 -4.294442525181956
 -1.6 -3.9529937172560556
 -1.5333333333333334 -3.633554735039999
 -1.4666666666666668 -3.334728475390247
 -1.4000000000000001 -3.0551545873334165
 -1.3333333333333335 -2.7936393464993117
 -1.2666666666666668 -2.548969788321872
 -1.2000000000000002 -2.320093854581576
 -1.1333333333333335 -2.105963448263756
 -1.0666666666666669 -1.905656593935715
 -1.0000000000000002 -1.7182484482481302
 -0.9333333333333336 -1.5429537104722766
 -0.8666666666666669 -1.3789443542726398
 -0.8000000000000003 -1.225528512672245
 -0.7333333333333336 -1.0819883175036464
 -0.666666666666667 -0.9477211352861971
 -0.6000000000000003 -0.822093289438362
 -0.5333333333333337 -0.7045941284416178
 -0.466666666666667 -0.5946527786940107
 -0.40000000000000036 -0.49181960145317555
 -0.3333333333333337 -0.39559718756668305
 -0.26666666666666705 -0.3055978694179132
 -0.2000000000000004 -0.22138233778025054
 -0.13333333333333375 -0.14262497008688657
 -0.06666666666666708 -0.06892633660473077
 -4.163336342344337E-16 0.0
