 -2.0 -6.38905609893065
 -1.9 -5.6858944422792685
 -1.7999999999999998 -5.049647464412945
 -1.6999999999999997 -4.473947391727198
 -1.5999999999999996 -3.953032424395113
 -1.4999999999999996 -3.4816890703380627
 -1.3999999999999995 -3.0551999668446728
 -1.2999999999999994 -2.669296667619242
 -1.1999999999999993 -2.320116922736545
 -1.0999999999999992 -2.0041660239464307
 -0.9999999999999992 -1.7182818284590433
 -0.8999999999999992 -1.4596031111569476
 -0.7999999999999993 -1.225540928492466
 -0.6999999999999993 -1.0137527074704753
 -0.5999999999999993 -0.8221188003905078
 -0.49999999999999933 -0.6487212707001271
 -0.39999999999999936 -0.49182469764126946
 -0.2999999999999994 -0.3498588075760023
 -0.19999999999999937 -0.22140275816016897
 -0.09999999999999937 -0.10517091807564682
 6.38378239159465E-16 6.661338147750939E-16
